-3.00 7.255498e-02 1.481481e-01
-2.75 4.982462e-02 1.020408e-01
-2.50 3.793174e-02 8.771930e-02
-2.25 2.917480e-02 6.250000e-02
-2.00 4.098195e-02 8.620690e-02
-1.75 1.693831e-02 3.448276e-02
-1.50 3.787782e-02 8.196721e-02
-1.25 2.370084e-02 5.617978e-02
-1.00 6.912415e-03 1.506024e-02
-0.75 5.342517e-03 1.272265e-02
-0.50 6.578032e-03 1.780415e-02
-0.25 6.369708e-03 1.290323e-02
0.00 2.574003e-03 6.435006e-03
0.25 1.293959e-03 4.537720e-03
0.50 1.044979e-03 2.677376e-03
0.75 1.332484e-03 3.638569e-03
1.00 1.117116e-03 3.745318e-03
1.25 1.128029e-03 4.081633e-03
1.50 4.825368e-04 1.680672e-03
1.75 1.278967e-03 3.492433e-03
2.00 8.887407e-04 2.900953e-03
2.25 3.043088e-04 1.757212e-03
2.50 4.589953e-04 1.337793e-03
2.75 1.966448e-04 1.000455e-03
3.00 2.479705e-04 9.412257e-04
