-3.00 0.00 5.898437e-02 1.250000e-01
-2.75 0.25 4.568781e-02 9.803922e-02
-2.50 0.50 3.465402e-02 7.142857e-02
-2.25 0.75 5.795898e-02 1.250000e-01
-2.00 1.00 4.557292e-02 9.259259e-02
-1.75 1.25 2.603310e-02 5.263158e-02
-1.50 1.50 2.134731e-02 4.385965e-02
-1.25 1.75 1.705546e-02 3.521127e-02
-1.00 2.00 1.305622e-02 2.717391e-02
-0.75 2.25 6.533229e-03 1.347709e-02
-0.50 2.50 7.191881e-03 1.557632e-02
-0.25 2.75 3.252461e-03 9.845288e-03
0.00 3.00 3.311222e-03 7.052186e-03
0.25 3.25 7.759302e-03 1.945525e-02
0.50 3.50 1.993283e-03 4.672897e-03
0.75 3.75 1.602198e-03 4.878049e-03
1.00 4.00 1.098818e-03 3.041054e-03
1.25 4.25 6.286776e-04 3.180662e-03
1.50 4.50 1.095180e-03 3.327787e-03
1.75 4.75 2.607169e-04 1.024853e-03
2.00 5.00 7.031250e-04 3.283582e-03
2.25 5.25 1.901703e-04 1.016166e-03
2.50 5.50 5.405091e-04 2.270434e-03
2.75 5.75 2.726923e-04 1.520597e-03
3.00 6.00 4.536290e-04 2.289282e-03
