-3.00 1.507036e-04 1.310414e-03
-2.75 2.051489e-04 8.818342e-04
-2.50 1.835895e-04 1.441961e-03
-2.25 2.460534e-04 1.492352e-03
-2.00 1.173949e-04 6.849706e-04
-1.75 1.234910e-04 7.527068e-04
-1.50 1.477387e-04 1.138547e-03
-1.25 2.244233e-04 1.247731e-03
-1.00 1.852708e-04 1.328021e-03
-0.75 2.644473e-04 1.258336e-03
-0.50 2.686922e-04 1.474926e-03
-0.25 1.506400e-04 8.865248e-04
0.00 2.988737e-04 1.931362e-03
0.25 2.178844e-04 1.409367e-03
0.50 1.285248e-04 1.350830e-03
0.75 1.765109e-04 1.085103e-03
1.00 2.071606e-04 1.302568e-03
1.25 1.565172e-04 1.263753e-03
1.50 1.570740e-04 1.171904e-03
1.75 1.889512e-04 8.698173e-04
2.00 1.673500e-04 1.709003e-03
2.25 1.334457e-04 8.573501e-04
2.50 2.111596e-04 9.338037e-04
2.75 1.088358e-04 9.039188e-04
3.00 1.744723e-04 9.056479e-04
